8.5894163e+003 9.1642537e+003 3.8257050e+003 6.2464487e+003 3.2303287e+003 2.5103250e+003 7.1265988e+003 4.0287100e+003 9.3306787e+003 5.2715175e+003 1.4876407e+004 1.4173054e+004 4.4690900e+003 4.9852188e+003 4.9137988e+003 5.6272512e+003 7.1444062e+003 4.8652200e+003 5.3823938e+003 4.4124763e+003 7.4348213e+003 6.9954100e+003 4.2149000e+003 1.9146775e+003 8.8654587e+003 5.9348888e+003 5.8216175e+003 9.7670275e+003 1.3324729e+004 1.2977712e+004 8.7532388e+003 5.0120200e+003 6.9048012e+003 8.3479838e+003 5.1005363e+003 4.5545762e+003 5.4669300e+003 4.2015075e+003 3.6567837e+003 9.1281188e+003 3.7990888e+003 6.1942450e+003 1.1447631e+004 1.4641931e+004 9.4438775e+003 1.4368276e+004 6.9513538e+003 6.3027763e+003 6.3579212e+003 7.1211737e+003 6.8703225e+003 1.1605972e+004 7.6666750e+003 4.1772838e+003 5.7771738e+003 4.5270038e+003 4.6532375e+003 4.9721662e+003 9.1123725e+003 6.7306250e+003 6.2346225e+003 7.4720100e+003

5.4682409e+003 6.7195295e+003 6.9703614e+003 7.8235341e+003 3.6944500e+003 1.9606545e+003 3.7790682e+003 3.1561591e+003 7.0172295e+003 4.7407682e+003 3.2019045e+003 8.4118614e+003 5.1670568e+003 4.7357932e+003 5.2150477e+003 3.6195318e+003 2.0714023e+003 3.2377773e+003 3.8484432e+003 1.7523955e+003 6.4712114e+003 6.6581091e+003 2.2133568e+003 2.1191114e+003 5.4471864e+003 3.7449886e+003 3.7482477e+003 9.7857750e+003 9.5050341e+003 7.5656159e+003 8.9781341e+003 1.3834886e+003 2.2607773e+003 9.8522977e+003 3.3433205e+003 3.1393114e+003 1.0152273e+004 2.4256273e+003 5.0828568e+003 5.5027159e+003 5.6657795e+003 5.2020000e+003 3.5291273e+003 3.3773932e+003 6.6717773e+003 3.6519909e+003 5.5657773e+003 4.1274977e+003 3.7368455e+003 5.3466477e+003 4.7517614e+003 8.2789182e+003 6.4097386e+003 4.9840977e+003 3.3878932e+003 2.9123068e+003 6.2515568e+003 4.1739182e+003 6.8244864e+003 3.4721250e+003 4.0053000e+003 3.6539341e+003

4.2634075e+003 4.8834487e+003 5.3699688e+003 5.9558350e+003 3.4007400e+003 1.5663150e+003 3.7055537e+003 2.8702550e+003 4.7237825e+003 3.3185137e+003 2.3276263e+003 6.0428400e+003 4.7736800e+003 4.0751225e+003 4.2886162e+003 2.6065000e+003 1.6192762e+003 2.3410863e+003 3.3724887e+003 1.2803238e+003 5.0296175e+003 5.3163962e+003 1.6115188e+003 1.5954088e+003 4.8870575e+003 3.5288337e+003 3.4399538e+003 8.6050438e+003 7.7409875e+003 5.7352000e+003 7.7778412e+003 1.2696487e+003 1.9870012e+003 8.1789650e+003 2.9256700e+003 2.9584025e+003 7.7609175e+003 2.2288175e+003 4.1019175e+003 4.5901338e+003 5.1570675e+003 4.0796338e+003 2.9208412e+003 3.0484325e+003 6.2606162e+003 3.3029275e+003 4.4807850e+003 3.6356950e+003 2.6655912e+003 4.2541175e+003 4.1023450e+003 7.3161038e+003 6.4898637e+003 4.5858987e+003 2.4136525e+003 2.1249887e+003 4.9471225e+003 3.6685338e+003 5.9828463e+003 2.5594625e+003 3.0936750e+003 2.7282162e+003

4.0649357e+003 3.7181589e+003 4.7056500e+003 3.9755643e+003 3.4635857e+003 3.0728161e+003 6.5945143e+003 4.4175911e+003 9.4915339e+003 6.7923482e+003 1.1248680e+004 8.7660464e+003 3.3303643e+003 2.8452482e+003 3.2134304e+003 2.5444518e+003 2.5761589e+003 2.3726804e+003 4.4445661e+003 5.2003446e+003 4.7493286e+003 4.0475143e+003 1.7642321e+003 1.1860304e+003 3.7825946e+003 2.7217036e+003 2.5029661e+003 4.9412393e+003 7.9828107e+003 6.9116804e+003 6.2024964e+003 3.1687125e+003 3.4394107e+003 4.4675018e+003 2.9141946e+003 1.6583071e+003 7.2582500e+003 1.5036054e+003 1.3657000e+003 3.2344018e+003 1.3597911e+003 3.9511982e+003 5.4458625e+003 5.4012268e+003 4.9057089e+003 5.7384857e+003 3.6676464e+003 2.6047411e+003 2.4938750e+003 3.3997089e+003 3.1820036e+003 3.6023518e+003 2.4511179e+003 3.1651554e+003 2.8432625e+003 2.6090500e+003 3.7635464e+003 1.5675554e+003 3.1470429e+003 2.6246893e+003 3.1830857e+003 3.4944804e+003

1.9978929e+003 2.0152214e+003 1.1665536e+003 2.0026131e+003 2.1814202e+003 1.8102048e+003 2.4609048e+003 1.8541060e+003 5.3465417e+003 2.6328893e+003 5.8932786e+003 3.5110845e+003 3.1742417e+003 2.9732750e+003 3.1474024e+003 5.9670857e+003 3.4011500e+003 3.0582714e+003 2.4649024e+003 2.3690607e+003 1.5484774e+003 1.6560060e+003 4.3747798e+003 2.0903881e+003 3.9270107e+003 1.5566190e+003 1.5496048e+003 3.5815976e+003 2.5449345e+003 3.0959333e+003 4.2714119e+003 1.9454929e+003 2.8789202e+003 3.3884464e+003 1.4812226e+003 3.1965333e+003 1.4696905e+003 3.8045333e+003 1.9802333e+003 3.9785452e+003 1.8726452e+003 2.3822214e+003 2.6992619e+003 4.7342988e+003 3.1392488e+003 5.1159131e+003 4.2786167e+003 1.7964321e+003 1.3062476e+003 4.0170381e+003 3.1936595e+003 8.0938750e+003 4.1762119e+003 3.0515571e+003 1.4670393e+003 2.0779679e+003 2.7371607e+003 1.5704405e+003 4.8473083e+003 1.5962179e+003 1.7953107e+003 2.4046655e+003

5.2823250e+003 5.5699071e+003 1.5721679e+003 2.1305429e+003 2.9227821e+003 1.6735643e+003 3.7756821e+003 2.8283036e+003 1.5571429e+003 5.4492071e+003 5.3198571e+003 4.8781821e+003 3.6436857e+003 4.2194643e+003 4.4604464e+003 7.7364679e+003 2.9150929e+003 1.3471321e+003 1.3045571e+003 2.0479500e+003 7.0001286e+003 6.2367536e+003 4.5207929e+003 1.0877500e+003 6.1389714e+003 3.5842393e+003 4.1557143e+003 7.2651143e+003 1.0163293e+004 8.9612929e+003 8.2488786e+003 2.7268036e+003 5.8872143e+003 5.6325607e+003 3.6979464e+003 2.2804107e+003 5.6956464e+003 3.5912500e+003 4.8838929e+003 7.6767143e+003 2.2181036e+003 1.9491643e+003 6.6378143e+003 5.1673750e+003 1.0926218e+004 4.8907857e+003 7.5689286e+003 2.7361571e+003 4.0927179e+003 7.1589179e+003 7.2649929e+003 6.5727500e+003 4.6546357e+003 3.4044000e+003 1.9287750e+003 2.8885643e+003 2.7925321e+003 3.4668107e+003 1.1222682e+004 4.3727893e+003 3.9408464e+003 5.7916071e+003

2.1697200e+003 3.8490588e+003 1.3254025e+003 1.5311425e+003 2.0692463e+003 1.2904212e+003 2.6214188e+003 1.4275262e+003 1.9690800e+003 4.6232125e+003 9.9392462e+003 3.3918750e+003 3.8864175e+003 3.5568800e+003 2.3348087e+003 4.6338650e+003 3.3615350e+003 1.3065725e+003 1.0626975e+003 2.1047588e+003 3.0774112e+003 4.1300425e+003 3.9827950e+003 1.2481638e+003 4.3795950e+003 3.4844850e+003 3.7032225e+003 6.4984200e+003 9.6110412e+003 6.6417950e+003 5.5142375e+003 3.3005938e+003 3.6529400e+003 3.7545150e+003 2.0802750e+003 2.1323125e+003 4.6628550e+003 4.0285887e+003 2.9257375e+003 4.6443888e+003 1.3950525e+003 1.9090975e+003 4.9038963e+003 4.4343288e+003 7.3768500e+003 5.0083288e+003 6.2993613e+003 3.6481037e+003 3.1638550e+003 5.0591950e+003 3.7775025e+003 4.3149813e+003 2.3215225e+003 2.3898900e+003 2.7936137e+003 2.6612600e+003 2.0057125e+003 2.1064987e+003 6.3334725e+003 3.7985262e+003 2.0198500e+003 2.8764212e+003

2.7734212e+003 2.7933875e+003 1.4722587e+003 1.7146312e+003 2.9485750e+003 2.4658462e+003 2.0472812e+003 3.3907062e+003 2.2954025e+003 3.2774038e+003 4.0586438e+003 2.6220075e+003 3.9229225e+003 3.2342450e+003 3.3027625e+003 1.3564513e+003 2.8880613e+003 3.5070450e+003 2.9033250e+003 2.9388675e+003 3.4409138e+003 3.2297100e+003 3.4662888e+003 1.8950950e+003 5.3850300e+003 1.3859625e+003 1.3003775e+003 3.8702975e+003 2.3461562e+003 2.8018600e+003 3.6811850e+003 1.6728600e+003 2.5245038e+003 4.8695562e+003 1.6380450e+003 3.1046212e+003 2.9491812e+003 2.7940850e+003 2.0614125e+003 2.5186975e+003 1.6837775e+003 3.4151038e+003 3.4116025e+003 4.5532450e+003 3.2452512e+003 5.6437813e+003 5.1740913e+003 2.4146438e+003 1.0776162e+003 2.9706363e+003 2.6694325e+003 5.9170263e+003 3.5203162e+003 3.2286475e+003 1.8449625e+003 1.8421538e+003 2.2011775e+003 1.5357575e+003 4.2995025e+003 1.0264775e+003 1.4066500e+003 2.1509588e+003
